MEME version 5.0.5

ALPHABET= ACGT

strands: + -

Background letter frequencies (from unknown source):
A 0.175 C 0.325 G 0.325 T 0.175

MOTIF 2

log-odds matrix: alength= 4 w= 41 E= 7.1e-062
   -93   -179    124   -197
    62    -39     51   -317
    55   -227     94   -174
  -180   -219    142   -441
    90     37    -72   -159
   -31   -212    112   -117
  -203   -123    131   -388
    85      3     -2   -246
  -112   -183    125   -168
  -144    -40    100   -226
   -42     37     21   -125
    37   -115     80   -147
  -181   -326    147   -364
   -50   -160    121   -354
    31   -187    106   -345
   110    -83     19   -130
    32    -86     75   -162
     6   -188     96    -82
  -187   -215    140   -320
    53    -83     74   -306
   -42   -179    116   -181
    20    -11     52   -250
    89   -132     58   -152
   -28   -246    125   -299
    44   -202    106   -513
    -2   -226    118   -293
    90   -125     68   -364
    57    -84     66   -187
  -120   -114    117   -199
    11    -60     79   -232
   -37   -116    108   -244
    62   -249     98   -252
    11   -133    104   -359
   -29   -155    113   -226
   -89    -11     84   -288
    46     22    -15   -101
   -13    -87     83   -104
  -106   -153    128   -384
    65    -98     71   -263
  -134   -250    140   -362
    88     -8     11   -322


letter-probability matrix: alength= 4 w= 41 nsites= 1000 E= 7.1e-062
0.091575 0.093925 0.769925 0.044575
0.268400 0.248600 0.463600 0.019400
0.256400 0.067600 0.623600 0.052400
0.050225 0.071275 0.870275 0.008225
0.326050 0.418950 0.196950 0.058050
0.140875 0.074625 0.706625 0.077875
0.042875 0.138625 0.806625 0.011875
0.315700 0.331300 0.321300 0.031700
0.080700 0.091300 0.773300 0.054700
0.064525 0.246975 0.651975 0.036525
0.130525 0.419975 0.375975 0.073525
0.226000 0.146000 0.565000 0.063000
0.050000 0.034000 0.902000 0.014000
0.124000 0.107000 0.754000 0.015000
0.217000 0.089000 0.678000 0.016000
0.374000 0.183000 0.372000 0.071000
0.219000 0.179000 0.545000 0.057000
0.182000 0.088000 0.631000 0.099000
0.048000 0.073000 0.860000 0.019000
0.253000 0.183000 0.543000 0.021000
0.131000 0.094000 0.725000 0.050000
0.201000 0.302000 0.466000 0.031000
0.324000 0.130000 0.485000 0.061000
0.144000 0.059000 0.775000 0.022000
0.238000 0.080000 0.677000 0.005000
0.173000 0.068000 0.736000 0.023000
0.327000 0.137000 0.522000 0.014000
0.259000 0.181000 0.512000 0.048000
0.076000 0.147000 0.733000 0.044000
0.189000 0.215000 0.561000 0.035000
0.135175 0.145325 0.687325 0.032175
0.269525 0.057975 0.641975 0.030525
0.188525 0.128975 0.667975 0.014525
0.143525 0.110975 0.708975 0.036525
0.094700 0.301300 0.580300 0.023700
0.240875 0.378625 0.293625 0.086875
0.160225 0.178275 0.576275 0.085225
0.084225 0.112275 0.791275 0.012225
0.275225 0.165275 0.531275 0.028225
0.069225 0.057275 0.859275 0.014225
0.322750 0.308250 0.350250 0.018750