MEME version 5.0.5

ALPHABET= ACGT

strands: + -

Background letter frequencies (from unknown source):
A 0.228 C 0.272 G 0.272 T 0.228

MOTIF 1

log-odds matrix: alength= 4 w= 40 E= 2.2e-140
   -75     24     -1     26
  -113   -138     80     48
  -151     24     95   -166
    19     88   -183    -47
    87    -43      8   -126
   -25    -48     -9     65
  -172   -178    -67    158
  -103    -10     -4     70
  -251    132   -206     -9
  -134    119   -160    -20
    -8     82    -86    -56
    36     42    -32    -88
    34     12    -30    -23
    10    -64    -54     79
    -4    -31     33     -7
  -251     29   -253    135
   -66   -223    111    -12
   -26   -253    129   -125
  -293    180   -392   -583
 -1661    188  -1661   -783
   197   -708   -247   -211
  -466    128     27   -683
  -115    136   -276    -54
   209   -550   -409   -503
 -1661  -1661    188  -1661
    42   -808    135  -1661
  -625   -528    100     97
  -783  -1661    187   -683
  -503   -576    183   -351
  -241    175   -509   -266
   121   -808     76   -451
  -283     93     70   -525
  -136     80   -218     73
    88    -29     36   -483
   -94    -33     51     29
    84    -76    -37     -5
   -79   -225    142   -149
   -15     54     17   -126
     9     90    -91   -111
   -98    128   -255    -35


letter-probability matrix: alength= 4 w= 40 nsites= 1000 E= 2.2e-140
0.135456 0.321544 0.269544 0.273456
0.104228 0.104272 0.473272 0.318228
0.080228 0.321272 0.526272 0.072228
0.260228 0.499272 0.076272 0.164228
0.416228 0.201272 0.287272 0.095228
0.192228 0.195272 0.255272 0.357228
0.069000 0.079000 0.171000 0.681000
0.112000 0.253000 0.265000 0.370000
0.040000 0.681000 0.065000 0.214000
0.090000 0.622000 0.090000 0.198000
0.216000 0.479000 0.150000 0.155000
0.293000 0.365000 0.218000 0.124000
0.288000 0.296000 0.221000 0.195000
0.244000 0.174000 0.187000 0.395000
0.222000 0.219000 0.341000 0.218000
0.040000 0.332000 0.047000 0.581000
0.144000 0.058000 0.588000 0.210000
0.190000 0.047000 0.667000 0.096000
0.030000 0.948000 0.018000 0.004000
0.000000 0.999000 0.000000 0.001000
0.896000 0.002000 0.049000 0.053000
0.009000 0.661000 0.328000 0.002000
0.103000 0.700000 0.040000 0.157000
0.971000 0.006000 0.016000 0.007000
0.000000 0.000000 1.000000 0.000000
0.305000 0.001000 0.694000 0.000000
0.003000 0.007000 0.544000 0.446000
0.001000 0.000000 0.997000 0.002000
0.007000 0.005000 0.968000 0.020000
0.043000 0.913000 0.008000 0.036000
0.527000 0.001000 0.462000 0.010000
0.032000 0.519000 0.443000 0.006000
0.089000 0.473000 0.060000 0.378000
0.421000 0.223000 0.348000 0.008000
0.119000 0.217000 0.386000 0.278000
0.409000 0.160000 0.210000 0.221000
0.132000 0.057000 0.730000 0.081000
0.205000 0.394000 0.306000 0.095000
0.243456 0.506544 0.144544 0.105456
0.115456 0.659544 0.046544 0.178456