MEME version 5.0.5

ALPHABET= ACGT

strands: + -

Background letter frequencies (from unknown source):
A 0.228 C 0.272 G 0.272 T 0.228

MOTIF 2

log-odds matrix: alength= 4 w= 41 E= 2.7e-078
   109   -266   -322     96
    53   -155    -60     80
    98   -198    -60     41
   105   -108   -120     30
   154   -323   -115    -29
   155   -259    -87    -72
   159   -164   -156    -77
   144   -228   -180     12
   134   -223   -161     28
   140   -209    -66    -50
   153   -297    -92    -49
   140   -170   -113    -26
   185   -198   -218   -220
   175   -165   -187   -163
   169   -197   -210    -81
   126    -86   -111    -36
   154   -284   -288     21
    87   -176    -10     14
    94   -122   -228     77
    56   -120   -194    106
   118    -47   -190     -9
   131   -225   -313     61
   -52   -204    -41    132
   -96   -215    -68    152
    38   -160    -90    104
    73   -103    -56     41
   152   -286   -127    -22
   143   -136    -56   -125
   176   -216   -226   -108
   139   -234   -142     10
    95   -190   -112     66
   121   -205    -92     20
   136   -118   -142    -24
    93    -13   -211     16
   105   -303   -279    100
    29   -104     10     37
    76   -146   -121     81
    95   -163   -117     62
   125   -147   -167     27
   159   -141   -139   -112
   141   -194   -194     15


letter-probability matrix: alength= 4 w= 41 nsites= 1000 E= 2.7e-078
0.484422 0.043079 0.029078 0.443421
0.330193 0.092807 0.179807 0.397193
0.448509 0.068991 0.178991 0.303509
0.472825 0.128175 0.118175 0.280825
0.661597 0.028903 0.122903 0.186597
0.666912 0.045088 0.149088 0.138912
0.686912 0.087088 0.092088 0.133912
0.618684 0.055816 0.077816 0.247684
0.576684 0.057816 0.088816 0.276684
0.602684 0.063816 0.171816 0.161684
0.658684 0.034816 0.143816 0.162684
0.601684 0.083816 0.123816 0.190684
0.821684 0.068816 0.059816 0.049684
0.765456 0.086544 0.074544 0.073456
0.736456 0.069544 0.063544 0.130456
0.546000 0.150000 0.126000 0.178000
0.662000 0.038000 0.037000 0.263000
0.416000 0.080000 0.253000 0.251000
0.439000 0.117000 0.056000 0.388000
0.337000 0.118000 0.071000 0.474000
0.517000 0.196000 0.073000 0.214000
0.564000 0.057000 0.031000 0.348000
0.159000 0.066000 0.205000 0.570000
0.117228 0.061272 0.169272 0.652228
0.297456 0.089544 0.145544 0.467456
0.378456 0.133544 0.184544 0.303456
0.653456 0.037544 0.112544 0.196456
0.613684 0.105816 0.184816 0.095684
0.774684 0.060816 0.056816 0.107684
0.599684 0.053816 0.101816 0.244684
0.441912 0.073088 0.125088 0.359912
0.529369 0.065631 0.143631 0.261369
0.585369 0.119631 0.101631 0.193369
0.433597 0.248903 0.062903 0.254597
0.472825 0.033175 0.039175 0.454825
0.279737 0.132263 0.292263 0.295737
0.384965 0.098535 0.117535 0.398965
0.440421 0.088079 0.121079 0.350421
0.541650 0.098350 0.085350 0.274650
0.689018 0.101982 0.103982 0.105018
0.604702 0.070797 0.070797 0.253703