MEME version 5.0.5

ALPHABET= ACGT

strands: + -

Background letter frequencies (from unknown source):
A 0.175 C 0.325 G 0.325 T 0.175

MOTIF 1

log-odds matrix: alength= 4 w= 41 E= 7.8e-120
    57   -105   -126    136
    48   -155    -83    140
    50    -86    -55    100
   119   -138   -107     87
    84      5    -55    -44
    10    -66   -318    170
   -33   -132   -237    193
  -117    -86   -273    199
   -29    -67   -210    172
   -91    -19   -170    158
    95   -183   -293    160
    28    -66    -30     86
   102   -124   -176    123
    37   -102    -95    135
    65    -50   -209    126
    52   -126   -146    150
   104    -41    -81     26
    95    -71   -213    115
    55   -110   -116    135
  -120   -226    -76    192
   -31    -48   -208    165
    -1   -249   -228    200
   -46    -54    -72    137
   -16    -33   -417    169
    -7   -170   -276    197
   -63    -87   -239    189
   -15     -7   -306    149
   -24   -137   -223    191
   -57    -59   -198    174
   -57    -99   -221    189
  -140    -62   -230    191
  -143    -70   -220    193
   -82     50   -210    106
    -5   -131   -306    192
    34    -95   -157    152
   102   -139   -123    113
    95    -93    -88     85
   127    -28   -155     20
   100    -20   -227     77
   110   -194   -189    137
    -5    -53    -89    130


letter-probability matrix: alength= 4 w= 41 nsites= 1000 E= 7.8e-120
0.259075 0.156425 0.135425 0.449075
0.243375 0.111125 0.183125 0.462375
0.248025 0.178475 0.222475 0.351025
0.399675 0.124825 0.154825 0.320675
0.313150 0.335850 0.221850 0.129150
0.188150 0.205850 0.035850 0.570150
0.139150 0.129850 0.062850 0.668150
0.077625 0.178875 0.048875 0.694625
0.143625 0.204875 0.075875 0.575625
0.093275 0.284225 0.100225 0.522275
0.336925 0.091575 0.042575 0.528925
0.212400 0.205600 0.264600 0.317400
0.355050 0.137950 0.095950 0.411050
0.225875 0.160625 0.168625 0.444875
0.273700 0.230300 0.076300 0.419700
0.251525 0.135975 0.117975 0.494525
0.359175 0.245325 0.185325 0.210175
0.338000 0.199000 0.074000 0.389000
0.256000 0.152000 0.145000 0.447000
0.076000 0.068000 0.192000 0.664000
0.141000 0.233000 0.077000 0.549000
0.174000 0.058000 0.067000 0.701000
0.127000 0.224000 0.197000 0.452000
0.157000 0.259000 0.018000 0.566000
0.167000 0.100000 0.048000 0.685000
0.113000 0.178000 0.062000 0.647000
0.158000 0.310000 0.039000 0.493000
0.148175 0.125325 0.069325 0.657175
0.118175 0.216325 0.082325 0.583175
0.118175 0.163325 0.070325 0.648175
0.066525 0.211975 0.065975 0.655525
0.064875 0.199625 0.070625 0.664875
0.099050 0.459950 0.075950 0.365050
0.169050 0.130950 0.038950 0.661050
0.221400 0.168600 0.109600 0.500400
0.353750 0.124250 0.138250 0.383750
0.337275 0.170225 0.176225 0.316275
0.421625 0.266875 0.110875 0.200625
0.350800 0.283200 0.067200 0.298800
0.375150 0.084850 0.087850 0.452150
0.168675 0.224825 0.174825 0.431675