MEME version 5.0.5

ALPHABET= ACGT

strands: + -

Background letter frequencies (from unknown source):
A 0.254 C 0.246 G 0.246 T 0.254

MOTIF 1

log-odds matrix: alength= 4 w= 20 E= 4.2e-181
    36   -236    108   -127
  -466    198   -414   -540
  -798    202  -1661  -1661
   189   -536   -449   -253
  -640    146     37  -1661
  -170    155   -330    -52
   198  -1661  -1661   -640
 -1661  -1661    202  -1661
    65  -1661    129  -1661
  -518   -794    157      5
 -1661  -1661    202  -1661
 -1661   -794    201   -598
  -199    190   -694   -408
   123   -514     65   -482
  -303    127     58   -566
  -212     67   -269    101
    53     43     26   -534
    -1   -121     31     40
    42   -181     56    -17
  -130   -133    154   -164


letter-probability matrix: alength= 4 w= 20 nsites= 1000 E= 4.2e-181
0.325000 0.048000 0.522000 0.105000
0.010000 0.970000 0.014000 0.006000
0.001000 0.999000 0.000000 0.000000
0.939000 0.006000 0.011000 0.044000
0.003000 0.679000 0.318000 0.000000
0.078000 0.720000 0.025000 0.177000
0.997000 0.000000 0.000000 0.003000
0.000000 0.000000 1.000000 0.000000
0.397000 0.000000 0.603000 0.000000
0.007000 0.001000 0.730000 0.262000
0.000000 0.000000 1.000000 0.000000
0.000000 0.001000 0.995000 0.004000
0.064000 0.919000 0.002000 0.015000
0.596000 0.007000 0.388000 0.009000
0.031000 0.595000 0.369000 0.005000
0.058253 0.392246 0.038246 0.511254
0.366254 0.333246 0.294246 0.006253
0.252254 0.106246 0.306246 0.335254
0.340254 0.070247 0.364246 0.225253
0.103253 0.098247 0.717247 0.081254